0101100110011011
0101011111111110
1000111000011000
1101010100011011
0100010101101111
0111101011010110
0011101010100001
0011111000111010
1011111100001010
0010011101000000
0001100110000001
1101100111010111
1110100111110000
0110000001010011
1000011101000011
1001110110110100
1011101011001001
1111000001110110
0010010101010011
0010010110001101
0010111111001100
1010101001110000
1010110001001111
0100101110010110
0000000111010101
1111110001100100
1110100000101001
0100100001101011
0010101000110101
1011100000101010
0101110100001111
1110111101111011
1111110000001111
0100001101100100
0000001101010010
1010111011010101
0101110111111101
1111101110000100
1011011001011110
0101001110111110
1110000100001011
0100111011000101
1111110111001000
0010101100010000
0111000101010100
0110110100101000
0001010001010001
1011100110100001
0011011101100100
1100011000001101
0111011100111101
0010101100011100
1100101000010001
1011000001001010
0010111000001100
1100011100000100
0010101000011001
1100011110000110
0111100111000000
0101011110010001
1011100010101011
1010011110010011
0011110111011111
1000101011101000
1111110111010100
1100011110110000
1110011001001111
0111111111001011
1011000000101011
1110010100010011
1110001101110000
1111001011010001
0101110110111010
1100010111011001
1010101010000011
0110110000101101
0101001011010110
0111100010111100
0011101010111011
1111011010011100
1110011011010111
0011101111100101
1101010000011110
1001100000101000
0011010111011011
0000010000101111
0100100101111111
1000011111001111
1000110111110111
0100010101111101
1110110101101011
1100111010011110
0110101100101101
0000010000001110
0100010010100000
0100000000011100
1000100101110011
1000001101010111
1000101101010010
0000101010100011
0011100100100101
0001101111011111
1001100000010001
0011101100110100
1101001011011110
1001110101001111
1100011000110011
1001011101011000
1011010001101110
1010111001010110
1111011111010011
0110101110011111
1000000000100011
1011101011110110
0000011000000111
0011000101001010
1100101101100110
1000110010011100
0010111100110100
1110100111011110
0000100110001111
0100111001100010
1010111010010111
1011101000101111
0111010011010111
0110111010000011
1111101011100000
1101110011010111
0011110000110000
0101101100110111
1001001100011001
1010011001111011
1011001111110111
1101010100001101
0110111010001101
1000100001111000
0101111101000001
1100001001110100
0111100100111100
0001101111000110
1110111001111110
1001100100101110
0000000010101110
1110010010011011
0110110100001011
0100100110101110
1110011100011111
0010000001000001
1100101110101100
1110100101010110
0101100110111001
0000100010100101
1101110010001010
1100100010000111
0011101110101001
1100111011010011
1111111101110011
1100100110000000
1010111001100110
1101011001010000
0111000001111001
1000111001010010
1110011001110110
1010101011110100
0110010110110111
0001010000000001
0110011101011010
1110011100010001
1010000001111111
0111111100000001
0101110100010011
1011010101010110
0011001100111111
1011100110010000
1111100000111111
1010110101000100
1110100100100001
1000100110111101
0101111110000111
0010000001100110
0101010101010011
0011101000010111
0010011011010100
0101110111101111
1111110001101001
1011000101001100
1110011001001110
1100111010101001
1001001001100100
0101011110011100
1001111110001111
0111010100000101
0110000100010110
1011011001010010
0001100010010011
1100110101011001
0011101100111101
1011110000010011
1011001000111001
1000011111110111
0100100100010000
1011110000000111
0110001001101100
0101000100000110
0010111000010100
0111111010101101
1111111110011101
1101101110010101
0000101111100010
1110011001001100
1110011000110101
1000000100010100
1111001110010111
0010000101101011
0001011111101000
0001100110100011
0001111010000101
1000111111010101
0001110110011001
0000110010011111
0001101011101110
1110101110001011
1100101100100110
0100101010001001
1001101100000100
1111010000011111
1100000110010100
1100001100100110
0000011000110010
0010100111001111
1000011110111001
1111100001110100
1111111101001111
1001010010100110
0101110100111111
1001000000100000
0101100011011111
1011100011110000
0011100100011110
0010010110011001
1110011100100010
1110000000111000
1101110011010101
1011101010100100
1111101110010011
1101110110110101
1100101011011100
0001101100011010
1101101111000011
1000000011001000
1101011101011110
1010111011001100
1001101001001001
1111111000000110
0111010110111000
0110101110101100
1001111000110001
0001110111000011
0011010110111010
0010111100001100
0100011010000101
0111001010010100
1001100011100110
1111001110000110
0000001100000101
0100011111100001
0111001110001000
0000111100011011
1001111111110001
0000000000001101
1110010000000100
0111110011100111
1001100101001101
0000111011000111
0010001011100001
0010100110001011
1110100011000001
0111110001100100
1010111011001101
1000110011010101
0010111001110010
0101100110111110
0111001000001000
0000001110100010
1001010111000110
1111001010111000
0001011100010111
1110100000111110
1010101011011000
0101011101101010
0111011100110110
1110111001100011
0111101001101101
1110001001101101
0100100111011010
0010111011010111
1100101001110110
0000100011011010
0100101101001100
1010101111011100
1011010010011010
0111110001011111
0010110010111010
0111100001101000
1111001001100101
0110001001111111
1000111001111000
0111011010100000
1110110010000000
1000110111111100
1100110101001100
1100000011101101
1001111101110110
0010011100100010
0100110100101011
0101110001100100
1011101110110100
0110101100001010
0101101001110001
0000101001111110
1010110010111010
0110101010101000
1110110000111001
0001101010011011
0111111111111110
0000110010010000
0011111110010100
0001101011001101
0100110111001001
1110001010011100
1011010101100110
0001001110000111
1000010110100101
0111001100000000
1011101111010100
1100010010001110
1101111100100001
0011101010100101
1010001100110011
0011110010011100
0000000010000011
1000000011110101
1010101010001110
0101010000110100
1101001011000000
1001001000000100
0110011110100101
1011111011111001
0011011011010111
0100011001101011
0010010000000001
1100111010110010
1100101100000000
0011011110000000
1011001100111010
1010010000111100
0100000111110000
0110100100001101
0111010101111011
0000111010001110
0000001110110010
0001101011001001
1000100110101100
0011101111111000
1110111000101011
0110110100000110
1100010110100101
1110100001000111
1000010000100111
1101101001000100
1110100110100111
1001000010010001
1110011100110101
1110111001000100
1110000000011010
1010011100011110
0001110011110010
1001011100000001
0010000111001101
0010011110110001
1100110110011001
1001101000010010
0111100101010110
0101100001100100
0011111111000011
1101010111100001
0111101000111100
1111111110010111
0011100000011000
0000110111100110
0101111110010100
0110101111111100
1010100001110111
1100011010111110
0110011010001001
0011011000001111
0000100010001100
1110111111101000
0110001111111101
1000011000101001
0000001101111010
1110101110111000
1111110100001110
1010001111010010
0000001000001110
0000111001000011
1101011100010010
1001101110010100
1001111011110101
0011001010001100
1010010011110001
0111110111000110
1101000110110111
1000010110000011
1001111011110101
1111100110111000
1010110100110100
0101111010111011
0011010101010010
1101011010011101
0101000100110000
0000111101010110
1000110011111101
1001111010010111
0110010011100000
0101100000100101
0011011010111001
1111000111001110
0100010111000011
0110011100000111
0110000111111110
1100000110110101
0100001100001001
0000000111011001
0010000011101101
1110011111000100
1011011110111000
0000100001101001
0101010010100000
0001111010110101
1110000110011011
0110010101110101
0101111011101100
0101000101110000
1110100000001100
1011110100010101
0000111000010001
1010001011001011
1011010011010100
1100101000011101
0111011000100101
0000001111001101
1101110010001111
1101011001100011
0100111101101000
0010010001001101
0101010001011100
1011010010011100
1100001010111000
1100011101001000
0011011000000000
1010101001100100
0011111001100000
1001000111110101
0011001111000111
1100101111000001
0100100011111111
0000001010011011
1100111010101010
1001011011111000
1000000101011101
0001010100111011
0001111101111111
0110110111100000
1000011010110101
0100110001010110
1000011101110111
1101101000010000
1111000101001010
0101000110101010
0010111011110001
1110001001110101
1000110111111000
0001011000100110
0110010110010110
1100011110011011
1110100100100010
0110010000101100
0010010101110101
1100011010110101
1001101010111100
0001101011101100
0001100000011001
0111011010011000
0010100000111011
1111110100101000
0001001011011010
0101110110110111
0001110000010000
0110101100011101
1000111000000001
1000111101011101
0111110011100010
0011111000101011
1111100100101011
0100110011101011
1101101111100100
1100110011001010
1111011001110110
0001100100010000
0100101101011111
0011111110011101
1011010000110101
0111111100001010
1010111110101010
1111100110000001
0100100011110010
1010000010001110
0111000111111100
0000101001011001
1111101010110000
1110110101001000
0101011011110100
0001000001110110
1000111110001000
1010001100110001
0001110001010010
0101010000001101
0101110101100111
0101110111110100
0100000101111101
0101111001001011
1101101010000111
0101111010100011
0111101100001001
0111010101010011
0100011011011001
0111011100010111
1000111110110111
1100001001011000
0111100001110010
1001101001101001
0001110111010011
1000100110011000
1100101011000010
1101101001101010
1110001011000100
0110111000010011
1010000100111000
0000101111000110
0110000110101011
1010001110001000
0000011100011111
0101110111100010
0101111010101000
1111110001100100
1000101100001001
1110110001110001
0001010010011011
0001110111100001
0010111110110001
0100110001011011
0110101111000000
1011001001100000
0000010011111100
0010010011101001
0101000011101111
0011010001101111
1001000000101000
0010101010001001
0000101110101001
1011010101000011
0011110010111100
1111111001100001
1000101101001111
1010000101111100
1010000011101011
0011100110100100
0111110000110000
1100111001001011
0111011100000100
1101101001110100
0000001011000011
0110011111011100
1101101100011011
1101010000111001
0111000001101010
1011010010011101
1011000001001100
0111100100101101
0111010111101111
1011000111110110
0011111110110001
0010100101101110
1110010100100010
0010101010010011
1011000001101100
1101111100000101
0011001000001110
1100000000110100
1101001101100001
1101010101111000
0001111101110000
1011001001001000
1100011010100001
1111111011011111
1111110001101111
0011111000011011
0110100110111000
1110110110100111
1010011001110110
0010010111110001
0100010010010010
0110111010010100
1001101101111001
1101110000111000
0000100101101111
1111000010010001
1011100110001010
0000100000101000
0110101000101110
1010011000000000
0010011111001110
1001110000001100
0011010110110011
0001001001000110
0001100001110000
0000000111111100
0011100001010000
1101101111101010
0011011110100010
1010011010000101
1000110010001101
0000111011111010
0000011010001000
0010011110001010
1111001101111000
0011011101111110
1100000111001101
0110100011111010
1011001000100110
1000010101110010
1000011110110100
1111010010010111
1001000111110010
1100110010100100
0000011000000100
0010100011000110
1110011110110110
0011100001000011
1111100001101011
1010111100001111
1011110000011001
0110100000001101
0010000001111110
0011100011110011
0010010011000101
1011010100101110
1100100111101111
1101010000111001
1111000000111111
1110110100011101
0111110101000110
1110000110010111
1111010000001100
1100000100001101
1101110111101100
1001000001100000
0101011010110101
0001101111010111
0110111110001101
0101000011010000
0010111001111111
1110010010000111
1000010001001011
0111110000001111
1011000010111100
0000010010000010
0100101011110110
1111100011110000
1100010110010000
0100000100011011
0010011111000101
1101101110001100
1100100111101000
1111001001010001
0110100011110111
0110001000111011
1110001000101000
0110000001100011
0010001011011110
0100001110110000
0000100001011001
1011111111101011
0000100100001111
1000010111000000
0110001110000111
1000001111001110
1110100001110001
1111011111011101
1011010010010110
0110101111101110
0011101001100010
0001101010101101
0001111101011011
0101100001000110
1110001000000100
0011101110001001
1110111110000001
1001000110110010
1110111101111100
0011011111011000
1101000110000111
1011111000000010
1001110010111100
1101101100000111
0010101011110000
0111100011000010
0010011010001001
1011001001110011
1011110100011000
0110101010001001
1110100010000000
1001110110111101
0011000010011101
0111100100111001
0000101110010010
0101011101110111
1010010100001010
0101001100110101
0000100100010100
0000001101010000
0110111001111111
1110000100100100
1000111111010000
1001111110000010
1111011100110000
1010011110001011
0001100001010000
1100101000000001
1000000000100000
0000101101010111
0111000001000000
0000111010100101
0001110001001011
0001111000011101
1001011001100100
1010100010010100
0001001000111100
1110110001010100
0001100011100001
1110100001000010
1101110100111110
1110101000110011
0010001000010001
1100000011001111
0110100010001001
1001101001001110
1101011011100011
1010010111000001
0101011110011101
0011011000111001
0111101000101010
0001011001011001
0110100110011011
0110001010001010
1000100101010001
1011010101000001
0000111001001001
0101001011100111
1101110010110101
0011110000011001
0001011000001100
1011100111010000
0010100010111111
1110111110000100
0000011010000001
1100101100100110
0010010010000111
0010101110001001
1110100101000000
0100101110111110
1101001100111101
0011110100010111
1100110110011110
0011000010010111
0011000011100011
0011100101010011
1010101000001001
1111011000001000
1100001111011100
0001001001000100
0100111111000000
0111001000110101
0101000101100000
1100111001111101
0111011001101110
1111011011100111
1110110111011000
1111010010010010
0000000101101111
1010100001101111
1011110101001101
0011100001001010
0101010110100000
0110001101101001
1100111101111010
0110011110010011
0111100000011011
1100100010111111
1000111100001001
1100110001010011
1000011001000101
0101110100111110
0100000101001101
1100010010111101
1100001011001101
0010100111100000
1101010101110001
0101001001001011
0000001100100101
1100011010110100
1110011110011010
1110000000110100
0001100100010000
0110011000100101
1001111101111000
0101001010110011
1010011101101001
0001101000110100
1010110110110101
0001100010011111
1101011000101010
1100101101100111
1101000000011001
0111001010110000
1111101001000001
0111010010011111
1100100001101110
0101111001011000
1100100110011111
0000100010010100
0000100000011101
0110000101110001
0100101010001001
0101010000000001
0100101111011110
0011100001010000
1101101010000111
1011000001111010
1011110100011001
1110110011110011
1011101011101100
0110001111100001
0100111000011111
1011111110011000
1000110011000001
0111101000111001
0110100010011000
1101101111000110
0101011100111001
1110101111000001
1111001001111110
0111011010101010
0111010100111110
1010001110010000
1110111001011010
0101000001010000
1101100110101100
0001010001111110
1101011011001011
1101010111111011
1101010011000101
1000001111100001
0010000010110110
1000100010011110
1111010010110011
0010000010111110
0100001010001101
1111001101100100
1110100000110001
0000100001001010
1011010101010111
0011010101001010
1111001000101100
0010000000111111
1011101110010100
0001110111101100
1011010001010000
1101101010011111
1100110110110011
1111001001111100
1011100111111000
1010000000101011
1100101100101010
1101110001010000
1001000001101000
1010100100110001
0010011011110110
0001010010010110
0110100000100001
0000011001111110
1011100111110110
0011000010010000
1000011100011000
0001111000011000
1110010100101011
1110100110010011
1101111110011100
0001101101101100
0000110111011101
0001111001010000
0000011110001111
0100111111100100
0011100010110111
0001110111011110
1100001001101010
1000001011010011
0000111110111011
1110110010000000
1100011111011110
0110101000010100
1101111001010001
1101001101000010
1110010100011000
1001010111100101
1111100010000100
0101010000110000
1110010101100000
1010101010100011
0011001010100111
1110101001011100
1101111110000100
0000000101100110
0000111011000100
1010001000000011
1000100111000001
0011011000101010
1101001110111110
1010010001001111
1011100101001111
1011110000100110
0010001100100101
1101010001100000
0110011111000111
1110100111001010
0010111010111101
1110000000011100
1010100111000010
0101000101010000
1011111101000111
0110100100011111
0110001011001010
0000101011010011
0001111001110100
1010100111100011
1111010100001001
1010101100100000
1110001111111101
1001010101101000
0100110111110011
1100000011110110
0011000101110011
1111100011110010
1001101010001011
0001011111111000
1111010010010010
0000000000001101
0110000010111000
0110110001100110
0001101010110110
0100100100101010
1011001100100010
1101111110110010
0101100000001001
1011110000111011
0011101010011000
0111001010010110
0100000101101100
0000011101010100
0001100011111110
1101110010000111
1001110111000001
0111111101001001
1111000101010010
1011110111111001
0111001010101010
1100001101011100
0100100011100010
0110001011110001
1001011101011100
0110000100110010
1011101110010011
1101010111110001
0111010011000101
1111011111000100
1001011101101110
0011000001100010
0010001011101011
0111001101010111
